11 12 13 14 15 16 17 18 19 110 111 112 113
21 22 23 24 25 26 27 28 29 210 211 212 213
31 32 33 34 35 36 37 38 39 310 311 312 313
11 12 13 14 15 16 17 18 19 110 111 112 113
21 22 23 24 25 26 27 28 29 210 211 212 213
31 32 33 34 35 36 37 38 39 310 311 312 313
11 12 13 14 15 16 17 18 19 110 111 112 113
21 22 23 24 25 26 27 28 29 210 211 212 213
31 32 33 34 35 36 37 38 39 310 311 312 313
11 12 13 14 15 16 17 18 19 110 111 112 113
21 22 23 24 25 26 27 28 29 210 211 212 213
31 32 33 34 35 36 37 38 39 310 311 312 313
11 12 13 14 15 16 17 18 19 110 111 112 113
21 22 23 24 25 26 27 28 29 210 211 212 213
31 32 33 34 35 36 37 38 39 310 311 312 313
11 12 13 14 15 16 17 18 19 110 111 112 113
21 22 23 24 25 26 27 28 29 210 211 212 213
31 32 33 34 35 36 37 38 39 310 311 312 313
11 12 13 14 15 16 17 18 19 110 111 112 113
21 22 23 24 25 26 27 28 29 210 211 212 213
31 32 33 34 35 36 37 38 39 310 311 312 313
11 12 13 14 15 16 17 18 19 110 111 112 113
21 22 23 24 25 26 27 28 29 210 211 212 213
31 32 33 34 35 36 37 38 39 310 311 312 313